2020-09-22T09:10:00,0.72044,0.72098,0.72044,0.72096
2020-09-22T09:15:00,0.72094,0.721,0.72064,0.72067
2020-09-22T09:20:00,0.72064,0.72156,0.72064,0.72156
2020-09-22T09:25:00,0.7216,0.72182,0.72118,0.72118
2020-09-22T09:30:00,0.72114,0.72136,0.721,0.72118
2020-09-22T09:35:00,0.72114,0.72169,0.72114,0.72132
2020-09-22T09:40:00,0.72128,0.72144,0.72106,0.72144
2020-09-22T09:45:00,0.7214,0.7214,0.72101,0.72101
2020-09-22T09:50:00,0.72105,0.72124,0.72093,0.72104
2020-09-22T09:55:00,0.72101,0.72115,0.72091,0.72115
2020-09-22T10:00:00,0.72112,0.72142,0.72108,0.72142
2020-09-22T10:05:00,0.72138,0.72167,0.72138,0.72155
2020-09-22T10:10:00,0.72152,0.72152,0.72122,0.72122
2020-09-22T10:15:00,0.72125,0.72156,0.72112,0.72156
2020-09-22T10:20:00,0.72159,0.72226,0.72159,0.72202
2020-09-22T10:25:00,0.72205,0.7228,0.72205,0.72276
2020-09-22T10:30:00,0.72272,0.72318,0.72266,0.72296
2020-09-22T10:35:00,0.723,0.72316,0.72274,0.72306
2020-09-22T10:40:00,0.72302,0.72346,0.72294,0.72308
2020-09-22T10:45:00,0.72304,0.72312,0.72274,0.72284
2020-09-22T10:50:00,0.72288,0.72345,0.72284,0.72328
2020-09-22T10:55:00,0.72324,0.72324,0.72282,0.72282
2020-09-22T11:00:00,0.72278,0.72278,0.72236,0.7226
2020-09-22T11:05:00,0.72256,0.72256,0.72225,0.72234
2020-09-22T11:10:00,0.72237,0.72248,0.72222,0.72228
2020-09-22T11:15:00,0.72232,0.72262,0.72228,0.72249
2020-09-22T11:20:00,0.72252,0.72259,0.7221,0.72216
2020-09-22T11:25:00,0.7222,0.7225,0.72212,0.72226
2020-09-22T11:30:00,0.7223,0.7225,0.72203,0.72218
2020-09-22T11:35:00,0.72222,0.72239,0.72203,0.72203
2020-09-22T11:40:00,0.72206,0.72238,0.72198,0.72206
2020-09-22T11:45:00,0.7221,0.7221,0.72181,0.72202
2020-09-22T11:50:00,0.72198,0.72202,0.72148,0.72158
2020-09-22T11:55:00,0.72154,0.72176,0.72138,0.72154
2020-09-22T12:00:00,0.72158,0.72172,0.72106,0.7214
2020-09-22T12:05:00,0.72136,0.7214,0.7209,0.72106
2020-09-22T12:10:00,0.72103,0.72111,0.72057,0.72074
2020-09-22T12:15:00,0.72077,0.7208,0.72017,0.72017
2020-09-22T12:20:00,0.72021,0.72036,0.72004,0.72007
2020-09-22T12:25:00,0.72003,0.72073,0.72003,0.72057
2020-09-22T12:30:00,0.7206,0.72135,0.72049,0.72135
2020-09-22T12:35:00,0.72138,0.72168,0.72134,0.7214
2020-09-22T12:40:00,0.72136,0.72218,0.72136,0.72193
2020-09-22T12:45:00,0.72196,0.72197,0.72138,0.72152
2020-09-22T12:50:00,0.72148,0.72153,0.72116,0.72152
2020-09-22T12:55:00,0.72156,0.72172,0.72138,0.72142
2020-09-22T13:00:00,0.72139,0.72168,0.72122,0.72164
2020-09-22T13:05:00,0.72168,0.72208,0.72164,0.72202
2020-09-22T13:10:00,0.72206,0.7226,0.72206,0.72238
2020-09-22T13:15:00,0.72242,0.7227,0.72224,0.7227
2020-09-22T13:20:00,0.72273,0.7229,0.72253,0.72253
2020-09-22T13:25:00,0.72257,0.72257,0.72224,0.72232
2020-09-22T13:30:00,0.72228,0.72292,0.72203,0.72224
2020-09-22T13:35:00,0.72228,0.72242,0.72184,0.72213
2020-09-22T13:40:00,0.72216,0.72248,0.72144,0.72148
2020-09-22T13:45:00,0.72152,0.72164,0.72072,0.72077
2020-09-22T13:50:00,0.72073,0.72076,0.71978,0.71982
2020-09-22T13:55:00,0.71985,0.72036,0.71972,0.72026
2020-09-22T14:00:00,0.72022,0.72076,0.72012,0.72056
2020-09-22T14:05:00,0.72052,0.72075,0.7202,0.7205
2020-09-22T14:10:00,0.72054,0.72082,0.72029,0.72072
2020-09-22T14:15:00,0.72068,0.72104,0.7204,0.72094
2020-09-22T14:20:00,0.7209,0.72096,0.72018,0.72018
2020-09-22T14:25:00,0.72022,0.72074,0.72022,0.72074
2020-09-22T14:30:00,0.7207,0.72074,0.71958,0.71958
2020-09-22T14:35:00,0.7196,0.72004,0.71942,0.71944
2020-09-22T14:40:00,0.71948,0.71954,0.71866,0.7188
2020-09-22T14:45:00,0.71884,0.71887,0.7183,0.71835
2020-09-22T14:50:00,0.71832,0.71838,0.71772,0.71816
2020-09-22T14:55:00,0.7182,0.71832,0.71759,0.71762
2020-09-22T15:00:00,0.71766,0.71766,0.71647,0.71687
2020-09-22T15:05:00,0.7169,0.71748,0.71652,0.71691
2020-09-22T15:10:00,0.71694,0.71779,0.7167,0.71762
2020-09-22T15:15:00,0.71758,0.71818,0.71752,0.71803
2020-09-22T15:20:00,0.718,0.71801,0.71768,0.71779
2020-09-22T15:25:00,0.71782,0.71788,0.71738,0.71774
2020-09-22T15:30:00,0.71778,0.71791,0.7169,0.71693
2020-09-22T15:35:00,0.7169,0.71768,0.71674,0.71758
2020-09-22T15:40:00,0.71761,0.71779,0.71718,0.71724
2020-09-22T15:45:00,0.71728,0.71731,0.71686,0.71716
2020-09-22T15:50:00,0.71719,0.71719,0.71676,0.71684
2020-09-22T15:55:00,0.71688,0.7174,0.71688,0.7172
2020-09-22T16:00:00,0.71716,0.71796,0.71708,0.71776
2020-09-22T16:05:00,0.71779,0.71784,0.71742,0.71742
2020-09-22T16:10:00,0.71746,0.71757,0.71738,0.71746
2020-09-22T16:15:00,0.71742,0.71742,0.717,0.7172
2020-09-22T16:20:00,0.71724,0.71752,0.71707,0.71752
2020-09-22T16:25:00,0.71748,0.71758,0.71714,0.71721
2020-09-22T16:30:00,0.71725,0.71733,0.7169,0.7169
2020-09-22T16:35:00,0.71687,0.71718,0.71672,0.7168
2020-09-22T16:40:00,0.71676,0.71693,0.71654,0.71682
2020-09-22T16:45:00,0.71679,0.71686,0.71646,0.71646
2020-09-22T16:50:00,0.71643,0.7165,0.71604,0.71608
2020-09-22T16:55:00,0.71605,0.71605,0.71557,0.71568
2020-09-22T17:00:00,0.71564,0.71572,0.71544,0.71572
2020-09-22T17:05:00,0.71569,0.71588,0.71561,0.71561
2020-09-22T17:10:00,0.71564,0.71608,0.71564,0.71596
2020-09-22T17:15:00,0.71593,0.71596,0.71579,0.71588
2020-09-22T17:20:00,0.71585,0.71598,0.71578,0.71584
2020-09-22T17:25:00,0.71587,0.7167,0.71587,0.71664
2020-09-22T17:30:00,0.71661,0.71696,0.71661,0.71686
2020-09-22T17:35:00,0.7169,0.7169,0.71664,0.71666
2020-09-22T17:40:00,0.7167,0.7168,0.71659,0.71673
2020-09-22T17:45:00,0.71669,0.71677,0.7166,0.7167
2020-09-22T17:50:00,0.71666,0.71669,0.71658,0.71663
2020-09-22T17:55:00,0.7166,0.7167,0.71653,0.7166
2020-09-22T18:00:00,0.71664,0.71686,0.71653,0.7168
2020-09-22T18:05:00,0.71684,0.71694,0.71673,0.71678
2020-09-22T18:10:00,0.71674,0.71679,0.7166,0.7166
2020-09-22T18:15:00,0.71662,0.71672,0.71658,0.7167
2020-09-22T18:20:00,0.71666,0.71669,0.71649,0.71652
2020-09-22T18:25:00,0.71656,0.71693,0.71656,0.71693
2020-09-22T18:30:00,0.7169,0.7169,0.71672,0.71688
2020-09-22T18:35:00,0.71685,0.71697,0.71674,0.7169
2020-09-22T18:40:00,0.71693,0.71697,0.7168,0.71684
2020-09-22T18:45:00,0.7168,0.71681,0.7167,0.71674
2020-09-22T18:50:00,0.71676,0.71683,0.7167,0.71674
2020-09-22T18:55:00,0.7167,0.71684,0.71654,0.71665
2020-09-22T19:00:00,0.71662,0.71678,0.71654,0.71662
2020-09-22T19:05:00,0.71666,0.7168,0.71656,0.71656
